// MyGold MyElixir MyDark MyGems MyCups
Class MyStuff
0 510 1023 1023 771 771 771 899 1023 1023 252
1 256 511 1023 992
2 543 1567 1599 1651 1635 2019 1986
3 513 1537 1571 1571 2039 2046 926 8
4 56 248 504 1928 1800 2047 1023 1023 8
5 995 995 2019 1587 1598 1598 1598
6 510 1022 2047 1635 1571 1587 1599 62 32
7 1536 1543 1567 1788 2040 1984 1920
8 398 2047 2047 1635 1123 1635 2047 1950 28
9 480 995 2035 1587 1586 1910 2046 1020

// Raid Troop Counts - Unselected slot
Class RaidTroopCountUnselected
0 508 2047 2047 1795 1539 1539 1539 2047 2047 1022 252
1 1024 2046 2047 4094
2 1055 3135 3135 3187 3171 4067 4035 1922
3 1027 3075 3171 3171 3687 4095 1982 798
4 56 248 1016 1944 3608 3608 2047 2047 2046 24
5 2018 2019 4067 3683 3175 3134 3134 3132
6 510 2046 2047 3683 3171 3171 3175 3198 62
7 3072 3079 3103 3198 4088 4064 3968 3584
8 798 1951 4095 3171 3171 3171 4087 4095 1854 28
9 992 2019 4067 3683 3171 3686 4094 2046 508
x 1 455 511 252 124 124 495 387 257

// Raid Troop Counts - Selected slot
Class RaidTroopCountSelected
0 1022 2047 1799 1027 1027 3075 3075 2047 2046 1022 504
1 2047 2047 2047
2 1039 1055 1055 1073 1057 1121 1985 1921
3 2051 2051 2114 2114 3270 3902 1596
4 24 120 504 904 1544 1544 1548 2047 2047 8
5 4035 4035 3138 2114 2150 2108 2108
6 510 2047 2047 1569 1057 1057 3105 3135 62
7 1024 1027 1055 1148 2032 1920 1792
8 270 1951 2047 1057 1057 1057 1121 2047 1823 14
8 911 2047 1057 1057 1057 1057 2043 1823 14
9 480 2017 2017 1569 1057 1571 1586 2046 510
x 1 195 126 60 60 102 195

// Raid Loot
Class RaidLoot
0 510 1023 1023 771 769 769 771 1023 1022 252
1 256 511 511 384
2 527 543 1599 1587 1635 2019 1986
3 513 1539 1571 1571 2023 1022 926 8
4 56 248 504 904 1544 1023 1023 1022 8
5 993 995 995 1587 1598 1598 1566
6 510 1022 1023 1635 1571 1587 1599 62
7 512 519 543 1660 2032 960 768
8 398 991 2047 1059 1057 1635 2047 926 28
9 480 993 995 563 562 566 1022 508

// Barracks Status
Class BarracksStatus
T 384 384 511 511 511 384 384
r 127 127 68 68 110 127 49
a 15 79 73 65 127 127
i 319 319
n 127 124 120 60 15 15 127
t 32 96 511 511 32 32
o 62 127 65 65 67 127 62
p 255 255 140 132 204 248 112
s 57 121 73 79 78 14
x 65 119 60 28 62 99
0 254 255 451 385 385 511 255 126
1 384 511 510
2 399 287 283 435 499 226
3 257 273 275 499 511 206
4 28 124 492 396 511 511 124
5 497 497 403 415 286 286
6 254 511 435 403 275 287 30
7 257 263 318 504 480 384
8 206 511 305 273 499 511 206
9 240 497 403 403 510 510 60
74 257 263 318 504 480 384 28 124 492 396 511 511 124
/ 3 15 60 112 448 256

// Army Overview Status
Class ArmyOverviewStatus
0 254 511 257 257 387 510 124
1 384 511
2 207 463 283 275 435 227
3 198 390 257 273 306 494
4 28 124 452 388 511 510 4
5 486 483 289 273 283 286
6 254 411 273 273 403 222
7 128 129 207 248 192
8 494 443 273 273 307 494 4
9 230 434 273 273 434 510
T 256 384 511 448 256 256
r 63 32
o 8 62 33 1 33 62
p 255 140 132 140 248
s 58 105 73 105 39
: 33 33
/ 3 14 120 480 256

// Army Overview - Time Remaining
Class ArmyOverviewTimeRemaining
0 254 199 129 129 255 254
1 254 255
2 239 207 395 145 241 96
3 198 131 17 145 254 230
4 4 28 252 196 198 255 6
5 246 243 145 145 159 142
6 254 155 145 145 206 14
7 128 131 254 240 128
8 239 155 273 273 255 238
9 246 147 401 401 254 124
m 63 48 32 48 63 48 32 56 63
s 59 41 33 53 22

// Battle End Winnings
Class BattleEndWinnings
0 8184 16382 32767 32767 65535 63495 61447 61447 61447 61447 65535 65535 65535 16382 8188
1 24576 57344 65535 65535 65534 65534
2 126 57471 57599 57855 57855 50119 116679 130951 130823 130822 65030
3 2 49159 114695 115591 115591 123783 127887 65535 65535 65022 30974 120
4 112 496 2032 8176 32752 64624 61552 57456 65535 65535 65535 65534 65534 112 48
5 8064 65415 65415 65415 65415 58247 57807 57854 57854 57852 57852 24824
6 1016 32766 65534 65535 65535 58247 123783 123783 115591 115711 115199 115198 508 384
7 49152 49154 49183 49279 49663 51198 65528 65504 65408 65024 63488 8192
8 2104 31870 65279 65535 65535 50055 50055 50055 59271 65535 65535 65023 30974 124
9 3968 32640 65415 65415 64391 58311 58311 57806 58334 65534 65532 32764 4088
- 7 7 7 7 7
74 49152 49154 49183 49279 49663 51198 65528 65504 65408 65024 63488 8192 112 496 2032 8176 32752 64624 61552 57456 65535 65535 65535 65535 65534 112 48

// Battle End Bonus
Class BattleEndBonus
0 508 2047 2047 1795 1539 1539 1539 2047 2047 1022 252
1 512 1023 1023 2047
2 1055 3135 3135 3187 3171 4067 4034 1922
3 1025 3075 3075 3171 3687 4095 1982 798
4 56 248 1016 1944 1560 1560 2047 2047 2046 24
5 2018 2019 4067 3171 3174 3134 3134 3132
6 510 2046 2047 3683 3171 3171 3175 3198 62
7 3072 3079 3103 3198 4088 4064 3968 3584
8 798 1950 2047 3171 3171 3171 4087 4095 1854 28
9 992 2019 4067 3171 3171 3174 4094 2046 508
74 3072 3079 3103 3198 4088 4064 3968 3584 56 248 1016 1944 3608 3608 2047 2047 2046 24
+ 12 62 127 127 12

// Chat window
// No difference between Upper oh and zero// assuming upper oh
// No difference between lower ell and upper I assuming lower ell
Class Chat
a 55 41 41 63 31
b 255 51 33 51 30
c 63 33 33 51 50
d 31 49 33 127 255
e 63 45 33 59 26
f 255 156 136 200 200
g 251 137 137 223 254
h 255 48 16 24 31
i 191
j 1 1 1 1 767
k 255 12 12 63
l 255
m 63 48 32 56 63 48 32 62 63
n 63 48 32 48 63
o 63 33 33 51 30
p 255 132 132 204 120
q 252 140 132 255 255
r 63 32 32 48 48
s 59 41 33 53 22
t 255 49 33 35 38
u 63 3 1 3 63
v 60 15 3 15 56
w 60 15 7 60 60 7 15 60
x 33 30 12 62 35
y 251 9 9 31 254
z 33 39 63 49
A 63 254 132 196 254 15
B 255 255 145 145 255 254
C 254 195 385 129 231 102
D 255 239 129 131 255 126
E 255 219 145 145
F 255 220 136 136 128
G 254 195 385 393 207 78
H  255 60 24 24 60 255
J 4 6 3 1 3 254 254
K 255 60 24 60 255 129
L 255 7 1
M 255 240 120 30 15 56 240 254 254
N 255 248 112 28 14 255 255
O 254 199 129 129 255 254
P 255 220 136 136 248 240
Q 508 262 770 775 510 252
R 255 222 136 136 254 247
S 246 243 401 153 207 110
T 128 224 255 192 128
U 254 255 1 1 255 254
V 240 63 7 7 62 224
W 240 63 15 28 240 248 30 15 254 224
X 129 231 60 60 126 131
Y 192 112 31 31 112 192
Z 128 135 255 227 129
1 254 255
2 239 207 395 403 241 96
3 198 131 273 401 254 238
4 4 28 252 196 198 255 6
5 246 243 145 145 159 142
6 254 155 401 145 223 14
7 128 135 254 240 128
8 239 411 273 273 255 238
9 246 147 401 401 254 124
